## ListNet
## Epochs = 1500
## No. of features = 136
1 2 3 4 5 6 7 8 9 10 11 12 13 14 15 16 17 18 19 20 21 22 23 24 25 26 27 28 29 30 31 32 33 34 35 36 37 38 39 40 41 42 43 44 45 46 47 48 49 50 51 52 53 54 55 56 57 58 59 60 61 62 63 64 65 66 67 68 69 70 71 72 73 74 75 76 77 78 79 80 81 82 83 84 85 86 87 88 89 90 91 92 93 94 95 96 97 98 99 100 101 102 103 104 105 106 107 108 109 110 111 112 113 114 115 116 117 118 119 120 121 122 123 124 125 126 127 128 129 130 131 132 133 134 135 136
0
0 0 0.1883296783519407
0 1 0.16584732665500906
0 2 0.5688503162831552
0 3 0.24222886623901324
0 4 0.09317182926946783
0 5 0.11866498472041893
0 6 0.176889188153014
0 7 0.23275588021762594
0 8 0.04615627247294664
0 9 0.1175950797528462
0 10 -305.4985838265398
0 11 0.12833198676050733
0 12 -0.9958931367530697
0 13 -0.6141542731923267
0 14 -307.18449839788593
0 15 -0.06987598538398743
0 16 0.07676190137863159
0 17 -0.05413685366511345
0 18 -0.07020829617977142
0 19 -0.06322513520717621
0 20 4.413926892561474
0 21 0.3626493928886696
0 22 0.8638781662576746
0 23 0.3852193771159256
0 24 5.993878708960529
0 25 2.256780429295489
0 26 0.14880827352618148
0 27 0.20165480797876956
0 28 0.022163687812097547
0 29 2.7113238053997857
0 30 1.3485177178700516
0 31 0.24730308902368386
0 32 0.44915683098465387
0 33 0.11139672142196352
0 34 1.9562485903320277
0 35 1.8562243914973204
0 36 0.20779057166189385
0 37 0.2668345979561937
0 38 0.07565795188473405
0 39 2.649769328407272
0 40 -24.186745543233993
0 41 0.03966990845116971
0 42 1.0784787247414198
0 43 -0.07213955617939599
0 44 -21.229165556384984
0 45 -0.03168451414767846
0 46 0.025886771372205217
0 47 0.11342863739339235
0 48 0.11313465814738136
0 49 -0.028910051520283916
0 50 0.10368550163929544
0 51 0.025904341834109838
0 52 0.07762519779844197
0 53 0.08270766680989683
0 54 0.04691627821174834
0 55 0.02044878085507591
0 56 0.10112666718793305
0 57 0.006928319635509436
0 58 0.05661150494263424
0 59 -0.07008321681469924
0 60 -0.028070352526843482
0 61 0.09812650081801579
0 62 0.029375898884090333
0 63 0.039312009013223986
0 64 -0.014378095981625892
0 65 0.05595326412631998
0 66 -0.0031746187832431
0 67 0.024315326716488044
0 68 -0.07323947672013476
0 69 0.09736758867002289
0 70 19.957966544707972
0 71 2.992579547255165
0 72 7.023157417308615
0 73 3.0535453519747544
0 74 26.57655834261082
0 75 9.074942719755198
0 76 0.8213113818306428
0 77 1.8450448356645943
0 78 0.8663571464203376
0 79 11.105773475184426
0 80 9.383102445720475
0 81 1.5157778928094188
0 82 3.4508606149324432
0 83 1.9933567108400965
0 84 12.940400903495622
0 85 9.874886398286046
0 86 1.1898520321659203
0 87 2.8056809937629943
0 88 1.37917101691298
0 89 12.608076886088238
0 90 -200.84722105990588
0 91 -1.3579421092520754
0 92 31.86229729692789
0 93 2.728236356617581
0 94 -164.0532413252986
0 95 -5.485810075582295E-4
0 96 0.06038868976183817
0 97 0.1904781533871956
0 98 0.11423176921754628
0 99 0.12397155578608883
0 100 -0.030301090700680603
0 101 0.08136608649692093
0 102 0.22191806122005228
0 103 0.17727815656203458
0 104 0.07259701946485568
0 105 4.689470371509448
0 106 1.7815202376593506
0 107 6.894884452859
0 108 3.3128489760560242
0 109 5.667750815209205
0 110 2.5522120537122817
0 111 1.0422936648015764
0 112 3.8858244258978063
0 113 1.3208563925440235
0 114 2.987265417827431
0 115 1.3350776998570513
0 116 0.3226363667619533
0 117 1.3305984435628369
0 118 0.6299224325077855
0 119 1.5879639258765972
0 120 2.44633144084385
0 121 1.3146198838703043
0 122 4.942017234973962
0 123 1.688633256866361
0 124 2.892833407297748
0 125 -0.34139082519184233
0 126 -4.304090496682999
0 127 40580.14957552372
0 128 1.2043560941224838
0 129 8915.697807434353
0 130 683.7831742802225
0 131 0.27249989466924446
0 132 -7.175493735617825
0 133 361.35670035020155
0 134 97.44154626190924
0 135 323536.44561342883
0 136 -0.010873997583985329
